9.981801350146264351e-01 8.055601100236938761e-01 2.965912054780429630e-01 -3.257490415235800851e-01 -8.235703021223350628e-01 -9.974490560090177871e-01 -7.855888108248703094e-01 -2.670795836344908025e-01
8.055601100236928769e-01 2.965912054780431295e-01 -3.257490415235790304e-01 -8.235703021223358400e-01 -9.974490560090167879e-01 -7.855888108248706425e-01 -2.670795836344915797e-01 3.568859309151152792e-01
2.965912054780424079e-01 -3.257490415235788639e-01 -8.235703021223350628e-01 -9.974490560090168989e-01 -7.855888108248691992e-01 -2.670795836344911356e-01 3.568859309151150572e-01 8.419642732184156042e-01
-3.257490415235795300e-01 -8.235703021223355069e-01 -9.974490560090173430e-01 -7.855888108248693102e-01 -2.670795836344905805e-01 3.568859309151156678e-01 8.419642732184158262e-01 9.997156584787227906e-01
-8.235703021223357290e-01 -9.974490560090176761e-01 -7.855888108248699764e-01 -2.670795836344897478e-01 3.568859309151156123e-01 8.419642732184164924e-01 9.997156584787237898e-01 7.660134890968500754e-01
-9.974490560090166769e-01 -7.855888108248700874e-01 -2.670795836344908025e-01 3.568859309151166670e-01 8.419642732184158262e-01 9.997156584787241229e-01 7.660134890968508525e-01 2.335028152664351264e-01
-7.855888108248691992e-01 -2.670795836344910246e-01 3.568859309151156678e-01 8.419642732184167144e-01 9.997156584787230127e-01 7.660134890968511856e-01 2.335028152664359036e-01 -3.873303624208571661e-01
-2.670795836344901364e-01 3.568859309151155568e-01 8.419642732184162703e-01 9.997156584787234568e-01 7.660134890968501864e-01 2.335028152664356538e-01 -3.873303624208569995e-01 -8.571790802330039316e-01
3.568859309151159453e-01 8.419642732184162703e-01 9.997156584787237898e-01 7.660134890968499644e-01 2.335028152664349044e-01 -3.873303624208577212e-01 -8.571790802330043757e-01 -9.950672331053960207e-01
8.419642732184163814e-01 9.997156584787241229e-01 7.660134890968507415e-01 2.335028152664341272e-01 -3.873303624208575546e-01 -8.571790802330050418e-01 -9.950672331053969089e-01 -7.455944386713699856e-01
9.997156584787232347e-01 7.660134890968508525e-01 2.335028152664352652e-01 -3.873303624208585538e-01 -8.571790802330041537e-01 -9.950672331053974640e-01 -7.455944386713708738e-01 -2.041269710053424946e-01
7.660134890968497423e-01 2.335028152664353762e-01 -3.873303624208575546e-01 -8.571790802330048198e-01 -9.950672331053960207e-01 -7.455944386713706518e-01 -2.041269710053431885e-01 4.139007122496626279e-01
2.335028152664344603e-01 -3.873303624208574436e-01 -8.571790802330042647e-01 -9.950672331053964648e-01 -7.455944386713696526e-01 -2.041269710053428277e-01 4.139007122496624613e-01 8.729797424712552045e-01
-3.873303624208581097e-01 -8.571790802330045977e-01 -9.950672331053965758e-01 -7.455944386713694305e-01 -2.041269710053421893e-01 4.139007122496630164e-01 8.729797424712552045e-01 9.944781963999409502e-01
-8.571790802330045977e-01 -9.950672331053971309e-01 -7.455944386713703187e-01 -2.041269710053414399e-01 4.139007122496629054e-01 8.729797424712560927e-01 9.944781963999417274e-01 7.242395500525015128e-01
-9.950672331053962427e-01 -7.455944386713705407e-01 -2.041269710053425224e-01 4.139007122496640156e-01 8.729797424712553156e-01 9.944781963999420604e-01 7.242395500525024010e-01 1.735970434742246105e-01
-7.455944386713695415e-01 -2.041269710053427167e-01 4.139007122496629609e-01 8.729797424712560927e-01 9.944781963999410612e-01 7.242395500525025120e-01 1.735970434742252488e-01 -4.443970797357097435e-01
-2.041269710053418007e-01 4.139007122496629609e-01 8.729797424712559817e-01 9.944781963999413943e-01 7.242395500525014018e-01 1.735970434742249713e-01 -4.443970797357094105e-01 -8.878814161764875257e-01
4.139007122496634605e-01 8.729797424712555376e-01 9.944781963999415053e-01 7.242395500525009577e-01 1.735970434742243051e-01 -4.443970797357100766e-01 -8.878814161764878587e-01 -9.864806015433781328e-01
8.729797424712556486e-01 9.944781963999417274e-01 7.242395500525019569e-01 1.735970434742234725e-01 -4.443970797357100211e-01 -8.878814161764885249e-01 -9.864806015433789099e-01 -7.029708952371139796e-01
9.944781963999410612e-01 7.242395500525020680e-01 1.735970434742245827e-01 -4.443970797357110203e-01 -8.878814161764878587e-01 -9.864806015433795761e-01 -7.029708952371149788e-01 -1.419257246621141999e-01
7.242395500525011798e-01 1.735970434742247770e-01 -4.443970797357100766e-01 -8.878814161764887469e-01 -9.864806015433782438e-01 -7.029708952371150898e-01 -1.419257246621148383e-01 4.728194133505951302e-01
1.735970434742237223e-01 -4.443970797357100211e-01 -8.878814161764881918e-01 -9.864806015433789099e-01 -7.029708952371139796e-01 -1.419257246621143942e-01 4.728194133505947971e-01 9.041282666087633313e-01
-4.443970797357106317e-01 -8.878814161764883028e-01 -9.864806015433787989e-01 -7.029708952371134245e-01 -1.419257246621138668e-01 4.728194133505955188e-01 9.041282666087637754e-01 9.816461810179273328e-01
-8.878814161764881918e-01 -9.864806015433789099e-01 -7.029708952371142017e-01 -1.419257246621129787e-01 4.728194133505954633e-01 9.041282666087646636e-01 9.816461810179281100e-01 6.785371000595741275e-01
-9.864806015433782438e-01 -7.029708952371145347e-01 -1.419257246621141166e-01 4.728194133505962404e-01 9.041282666087634423e-01 9.816461810179284431e-01 6.785371000595750157e-01 1.092845833216232881e-01
-7.029708952371135355e-01 -1.419257246621143109e-01 4.728194133505953523e-01 9.041282666087645525e-01 9.816461810179273328e-01 6.785371000595749047e-01 1.092845833216239404e-01 -4.997123057914261701e-01
-1.419257246621136448e-01 4.728194133505953523e-01 9.041282666087642195e-01 9.816461810179277769e-01 6.785371000595740165e-01 1.092845833216236351e-01 -4.997123057914259481e-01 -9.155057756715700990e-01
4.728194133505959074e-01 9.041282666087642195e-01 9.816461810179278880e-01 6.785371000595737945e-01 1.092845833216231077e-01 -4.997123057914266697e-01 -9.155057756715702100e-01 -9.762803706530460701e-01
9.041282666087639974e-01 9.816461810179282210e-01 6.785371000595745716e-01 1.092845833216222473e-01 -4.997123057914262811e-01 -9.155057756715709871e-01 -9.762803706530469583e-01 -6.556484255668140193e-01
9.816461810179273328e-01 6.785371000595746827e-01 1.092845833216233020e-01 -4.997123057914275024e-01 -9.155057756715700990e-01 -9.762803706530472914e-01 -6.556484255668149075e-01 -7.831103270083819567e-02
6.785371000595736835e-01 1.092845833216235102e-01 -4.997123057914265587e-01 -9.155057756715709871e-01 -9.762803706530460701e-01 -6.556484255668149075e-01 -7.831103270083877854e-02 5.276365891212240200e-01
1.092845833216225526e-01 -4.997123057914265032e-01 -9.155057756715705430e-01 -9.762803706530465142e-01 -6.556484255668137973e-01 -7.831103270083837609e-02 5.276365891212237980e-01 9.287768323951385296e-01
-4.997123057914270028e-01 -9.155057756715706541e-01 -9.762803706530466252e-01 -6.556484255668133532e-01 -7.831103270083787649e-02 5.276365891212245751e-01 9.287768323951389737e-01 9.673685757567818122e-01
-9.155057756715705430e-01 -9.762803706530469583e-01 -6.556484255668141303e-01 -7.831103270083691892e-02 5.276365891212244641e-01 9.287768323951397509e-01 9.673685757567824783e-01 6.304074571415861916e-01
-9.762803706530462922e-01 -6.556484255668144634e-01 -7.831103270083804302e-02 5.276365891212255743e-01 9.287768323951388627e-01 9.673685757567829224e-01 6.304074571415870798e-01 4.770465702718590384e-02
-6.556484255668136862e-01 -7.831103270083825119e-02 5.276365891212244641e-01 9.287768323951395288e-01 9.673685757567815902e-01 6.304074571415868578e-01 4.770465702718648671e-02 -5.554508186475441978e-01
-7.831103270083716872e-02 5.276365891212244641e-01 9.287768323951390848e-01 9.673685757567819232e-01 6.304074571415858586e-01 4.770465702718604262e-02 -5.554508186475441978e-01 -9.388112207244524443e-01
5.276365891212249082e-01 9.287768323951391958e-01 9.673685757567821453e-01 6.304074571415855255e-01 4.770465702718564016e-02 -5.554508186475447529e-01 -9.388112207244526664e-01 -9.599981006770075265e-01
9.287768323951390848e-01 9.673685757567827004e-01 6.304074571415865247e-01 4.770465702718468259e-02 -5.554508186475446418e-01 -9.388112207244534435e-01 -9.599981006770085257e-01 -6.041785816943159304e-01
9.673685757567813681e-01 6.304074571415866357e-01 4.770465702718579282e-02 -5.554508186475456410e-01 -9.388112207244524443e-01 -9.599981006770088587e-01 -6.041785816943169296e-01 -1.719814508162750832e-02
6.304074571415857475e-01 4.770465702718601486e-02 -5.554508186475446418e-01 -9.388112207244534435e-01 -9.599981006770077485e-01 -6.041785816943169296e-01 -1.719814508162807731e-02 5.801766850131963027e-01
4.770465702718526546e-02 -5.554508186475446418e-01 -9.388112207244529994e-01 -9.599981006770078595e-01 -6.041785816943159304e-01 -1.719814508162766098e-02 5.801766850131960807e-01 9.514343211475015938e-01
-5.554508186475453080e-01 -9.388112207244534435e-01 -9.599981006770084146e-01 -6.041785816943152643e-01 -1.719814508162711975e-02 5.801766850131968578e-01 9.514343211475019269e-01 9.491404677299686288e-01
-9.388112207244527774e-01 -9.599981006770088587e-01 -6.041785816943163745e-01 -1.719814508162632871e-02 5.801766850131964137e-01 9.514343211475025930e-01 9.491404677299690729e-01 5.798693172962455789e-01
-9.599981006770077485e-01 -6.041785816943165965e-01 -1.719814508162739730e-02 5.801766850131975239e-01 9.514343211475017048e-01 9.491404677299697390e-01 5.798693172962464670e-01 -1.750370574483042785e-02
-6.041785816943154863e-01 -1.719814508162754996e-02 5.801766850131965247e-01 9.514343211475023709e-01 9.491404677299682957e-01 5.798693172962463560e-01 -1.750370574482992825e-02 -6.062591299382742438e-01
-1.719814508162673117e-02 5.801766850131964137e-01 9.514343211475020379e-01 9.491404677299682957e-01 5.798693172962452458e-01 -1.750370574483034458e-02 -6.062591299382741328e-01 -9.598680934261212272e-01
5.801766850131967468e-01 9.514343211475023709e-01 9.491404677299690729e-01 5.798693172962448017e-01 -1.750370574483077479e-02 -6.062591299382749099e-01 -9.598680934261216713e-01 -9.404391143901907890e-01
9.514343211475021489e-01 9.491404677299692949e-01 5.798693172962459119e-01 -1.750370574483167685e-02 -6.062591299382744658e-01 -9.598680934261222264e-01 -9.404391143901915662e-01 -5.531232998277599844e-01
9.491404677299684067e-01 5.798693172962460229e-01 -1.750370574483058050e-02 -6.062591299382754650e-01 -9.598680934261213382e-01 -9.404391143901920103e-01 -5.531232998277606505e-01 4.729420975204168265e-02
5.798693172962450237e-01 -1.750370574483042785e-02 -6.062591299382745769e-01 -9.598680934261221154e-01 -9.404391143901907890e-01 -5.531232998277606505e-01 4.729420975204115529e-02 6.317765301901963060e-01
-1.750370574483123276e-02 -6.062591299382746879e-01 -9.598680934261218933e-01 -9.404391143901907890e-01 -5.531232998277595403e-01 4.729420975204162714e-02 6.317765301901960839e-01 9.676276273021967578e-01
-6.062591299382749099e-01 -9.598680934261221154e-01 -9.404391143901914552e-01 -5.531232998277592072e-01 4.729420975204200184e-02 6.317765301901969721e-01 9.676276273021973129e-01 9.259587249466245673e-01
-9.598680934261216713e-01 -9.404391143901917882e-01 -5.531232998277602064e-01 4.729420975204290389e-02 6.317765301901964170e-01 9.676276273021980900e-01 9.259587249466252334e-01 5.281331356003892141e-01
-9.404391143901907890e-01 -5.531232998277604285e-01 4.729420975204182143e-02 6.317765301901976382e-01 9.676276273021970908e-01 9.259587249466255665e-01 5.281331356003899913e-01 -7.794711923284974864e-02
-5.531232998277593182e-01 4.729420975204168265e-02 6.317765301901967501e-01 9.676276273021977570e-01 9.259587249466241232e-01 5.281331356003896582e-01 -7.794711923284927679e-02 -6.553715282351819660e-01
4.729420975204234878e-02 6.317765301901967501e-01 9.676276273021977570e-01 9.259587249466245673e-01 5.281331356003889921e-01 -7.794711923284972088e-02 -6.553715282351819660e-01 -9.773398590967148358e-01
6.317765301901970831e-01 9.676276273021978680e-01 9.259587249466250114e-01 5.281331356003884370e-01 -7.794711923285001232e-02 -6.553715282351825211e-01 -9.773398590967152799e-01 -9.181310593142868459e-01
9.676276273021972019e-01 9.259587249466251224e-01 5.281331356003893251e-01 -7.794711923285101152e-02 -6.553715282351821880e-01 -9.773398590967160571e-01 -9.181310593142876231e-01 -4.985197937361601217e-01
9.259587249466243453e-01 5.281331356003896582e-01 -7.794711923284994293e-02 -6.553715282351834093e-01 -9.773398590967151689e-01 -9.181310593142880672e-01 -4.985197937361610654e-01 1.114694641587684748e-01
5.281331356003891031e-01 -7.794711923284973476e-02 -6.553715282351825211e-01 -9.773398590967156130e-01 -9.181310593142866239e-01 -4.985197937361609544e-01 1.114694641587679891e-01 6.794237554187722017e-01
-7.794711923285042865e-02 -6.553715282351825211e-01 -9.773398590967158350e-01 -9.181310593142869569e-01 -4.985197937361600107e-01 1.114694641587684609e-01 6.794237554187720907e-01 9.815880977889356318e-01
-6.553715282351827431e-01 -9.773398590967157240e-01 -9.181310593142872900e-01 -4.985197937361594001e-01 1.114694641587687385e-01 6.794237554187727568e-01 9.815880977889362979e-01 9.021654599216004655e-01
-9.773398590967157240e-01 -9.181310593142876231e-01 -4.985197937361603993e-01 1.114694641587696822e-01 6.794237554187724237e-01 9.815880977889368530e-01 9.021654599216011317e-01 4.727924318908222068e-01
-9.181310593142866239e-01 -4.985197937361606213e-01 1.114694641587686552e-01 6.794237554187735340e-01 9.815880977889358538e-01 9.021654599216013537e-01 4.727924318908229839e-01 -1.428641712476060865e-01
-4.985197937361598997e-01 1.114694641587684609e-01 6.794237554187727568e-01 9.815880977889366310e-01 9.021654599216002435e-01 4.727924318908228729e-01 -1.428641712476056147e-01 -7.016562526420122570e-01
1.114694641587694046e-01 6.794237554187727568e-01 9.815880977889364090e-01 9.021654599216003545e-01 4.727924318908219847e-01 -1.428641712476061143e-01 -7.016562526420123680e-01 -9.864510820216583209e-01
6.794237554187728678e-01 9.815880977889366310e-01 9.021654599216009096e-01 4.727924318908214296e-01 -1.428641712476063919e-01 -7.016562526420131451e-01 -9.864510820216588760e-01 -8.867006454977668373e-01
9.815880977889360759e-01 9.021654599216010206e-01 4.727924318908224288e-01 -1.428641712476072523e-01 -7.016562526420122570e-01 -9.864510820216593201e-01 -8.867006454977675034e-01 -4.429187740208128110e-01
9.021654599216004655e-01 4.727924318908227064e-01 -1.428641712476062531e-01 -7.016562526420134782e-01 -9.864510820216584319e-01 -8.867006454977678365e-01 -4.429187740208134771e-01 1.747154014278215484e-01
4.727924318908216517e-01 -1.428641712476062531e-01 -7.016562526420130341e-01 -9.864510820216590981e-01 -8.867006454977667262e-01 -4.429187740208134216e-01 1.747154014278210488e-01 7.232533040407816971e-01
-1.428641712476069192e-01 -7.016562526420127011e-01 -9.864510820216587650e-01 -8.867006454977666152e-01 -4.429187740208124779e-01 1.747154014278216316e-01 7.232533040407818081e-01 9.906619294491370020e-01
-7.016562526420128121e-01 -9.864510820216589870e-01 -8.867006454977673924e-01 -4.429187740208119783e-01 1.747154014278218259e-01 7.232533040407825853e-01 9.906619294491373351e-01 8.727182419933117163e-01
-9.864510820216587650e-01 -8.867006454977677254e-01 -4.429187740208129220e-01 1.747154014278228806e-01 7.232533040407820302e-01 9.906619294491381122e-01 8.727182419933126045e-01 4.157788841639499244e-01
-8.867006454977666152e-01 -4.429187740208131996e-01 1.747154014278217149e-01 7.232533040407829183e-01 9.906619294491371130e-01 8.727182419933130486e-01 4.157788841639507571e-01 -2.050169240838135010e-01
-4.429187740208122559e-01 1.747154014278215761e-01 7.232533040407822522e-01 9.906619294491376682e-01 8.727182419933117163e-01 4.157788841639507016e-01 -2.050169240838130569e-01 -7.454737484587338203e-01
1.747154014278223255e-01 7.232533040407822522e-01 9.906619294491376682e-01 8.727182419933117163e-01 4.157788841639497579e-01 -2.050169240838136953e-01 -7.454737484587340424e-01 -9.944381625657555679e-01
7.232533040407824743e-01 9.906619294491377792e-01 8.727182419933123825e-01 4.157788841639491473e-01 -2.050169240838137785e-01 -7.454737484587344865e-01 -9.944381625657560120e-01 -8.567717678186161923e-01
9.906619294491371130e-01 8.727182419933123825e-01 4.157788841639500910e-01 -2.050169240838148610e-01 -7.454737484587341534e-01 -9.944381625657567891e-01 -8.567717678186170804e-01 -3.879433521256711037e-01
8.727182419933121604e-01 4.157788841639505351e-01 -2.050169240838136953e-01 -7.454737484587348195e-01 -9.944381625657552348e-01 -8.567717678186171915e-01 -3.879433521256718254e-01 2.355607354018619259e-01
4.157788841639494248e-01 -2.050169240838135842e-01 -7.454737484587341534e-01 -9.944381625657562340e-01 -8.567717678186161923e-01 -3.879433521256716033e-01 2.355607354018615096e-01 7.668659123208715345e-01
-2.050169240838143059e-01 -7.454737484587344865e-01 -9.944381625657563450e-01 -8.567717678186164143e-01 -3.879433521256709927e-01 2.355607354018619815e-01 7.668659123208714234e-01 9.996027918021370695e-01
-7.454737484587342644e-01 -9.944381625657561230e-01 -8.567717678186165253e-01 -3.879433521256701600e-01 2.355607354018621757e-01 7.668659123208724226e-01 9.996027918021378467e-01 8.411348199458045238e-01
-9.944381625657561230e-01 -8.567717678186170804e-01 -3.879433521256712702e-01 2.355607354018632305e-01 7.668659123208717565e-01 9.996027918021384018e-01 8.411348199458051900e-01 3.571547308935271170e-01
-8.567717678186160812e-01 -3.879433521256714368e-01 2.355607354018621202e-01 7.668659123208726447e-01 9.996027918021371805e-01 8.411348199458055230e-01 3.571547308935279497e-01 -2.657852227767364406e-01
-3.879433521256703266e-01 2.355607354018620925e-01 7.668659123208718675e-01 9.996027918021377356e-01 8.411348199458044128e-01 3.571547308935277276e-01 -2.657852227767361075e-01 -7.878981545194716496e-01
2.355607354018625921e-01 7.668659123208719786e-01 9.996027918021378467e-01 8.411348199458043018e-01 3.571547308935270060e-01 -2.657852227767366626e-01 -7.878981545194715386e-01 -9.975911237704795376e-01
7.668659123208719786e-01 9.996027918021379577e-01 8.411348199458049679e-01 3.571547308935261178e-01 -2.657852227767368292e-01 -7.878981545194725378e-01 -9.975911237704804257e-01 -8.242470392748981745e-01
9.996027918021376246e-01 8.411348199458053010e-01 3.571547308935272280e-01 -2.657852227767378284e-01 -7.878981545194717606e-01 -9.975911237704810919e-01 -8.242470392748992847e-01 -3.262461012895404577e-01
8.411348199458044128e-01 3.571547308935275056e-01 -2.657852227767366626e-01 -7.878981545194725378e-01 -9.975911237704798706e-01 -8.242470392748995067e-01 -3.262461012895411239e-01 2.961603477563706788e-01
