-3.97417506390576 0.61610666935615
-2.54133981857815 3.1759204760312
-3.50088040010362 2.74164369843491
3.23882856212712 2.83371131492278
1.66237361073569 3.71423657761308
-2.21469167923588 3.52556933211127
1.319496799921 -3.44627869727676
4.13012650239822 0.538889784846146
-3.90502740605731 -0.104320464107495
-1.46379565412743 -2.74061138891229
-2.47202029406787 3.35376099664998
-0.52817715200519 3.82655280913978
-2.71715351048707 3.16278247694558
3.52464405395089 1.80263449193224
-3.06414037133466 -3.1112600512312
1.63278208342413 -4.23164474555567
-3.15318767362366 3.91672289385891
1.65870655465331 -3.41029266807723
3.56174824219538 -2.58861322099713
2.72797890200227 -3.06154163372075
0.85180569746606 3.89434210309036
-3.8549700598938 -1.1034868670801
-1.57077271674957 -3.03962070224325
-3.34385767405492 -0.452242763973896
-3.67922979934527 1.28364539373807
0.242118119940338 -4.48421989966538
-0.320205746346999 3.20350651489565
0.408178463249524 3.85183847728866
-3.46485888235644 1.56530556836052
0.417079326944704 -3.8168811014881
-3.36794963391655 -0.390830789854378
1.49464892418407 2.89219997511643
1.28875414545745 3.01223847213475
-0.761182291954406 -4.51296897675621
-2.72650467353783 1.35504022861176
-1.86644672504294 -4.3724084659489
-3.19934317893614 -1.82593252582648
-4.03888969209484 2.29205669095632
-3.26434422122517 -1.37988313859913
0.0536063482094003 -4.47990060236163
-2.04372073793896 3.78193277590779
-2.77293918954147 3.80838969735429
1.24122379824659 3.69361548205409
3.20853699433847 0.515319289210933
3.52569169574683 1.7203433385835
3.87338426835603 0.993306871003163
4.23286986980243 -1.15425943086387
-3.52859871730595 1.60201756623099
-3.53709383770107 0.761921849719007
0.727620871205305 -4.36551623008785
-3.49205051405859 0.242483248976671
-2.89985376400001 -2.32429431570625
-3.15388204840315 -3.47774336766756
-3.85490880657824 -1.86300502901717
1.57315574610738 3.73461125222539
2.48342766999783 2.74261462945909
3.64357445759813 1.44784226367822
3.33209049780782 -2.32294046457151
2.75567076912818 -3.40305017529689
0.647408583858148 4.46612742188317
3.93724916502758 0.214149429791319
-0.105579302412741 -2.91459522106901
3.5658306040157 -2.46511253558723
2.38060877195229 2.70613428672373
-0.197613592643909 -4.01031387537455
-2.09789690736609 3.95633059199502
-2.79247298191288 -2.83601802285604
-2.12289784194248 -3.07481010077737
-1.14934699592467 -3.73187414154001
2.43036780029838 -3.11137762937227
4.07022208485339 1.52513142980978
4.22356581010317 -1.00410621218085
1.26830178886479 -4.83648401335417
-2.85065037371865 -3.84384830292802
2.07165430164122 -4.09687057971806
3.70250607878383 -1.44730034827067
0.907208202011491 3.41047076221075
-2.20868233384261 -0.884478307512522
-4.36236926649255 -1.03880622624325
-0.662806009331535 3.9500688661623
0.808438051368053 4.77858323946143
1.40079100984325 4.07678210404527
2.36759357876088 -3.11467383924058
0.0972641863468306 -4.15072498395555
2.02493173379355 2.2127268924305
2.71153354985366 -2.15413232751645
-1.39369755976157 3.57078801237258
-0.530831106048693 -3.54147554729398
2.65709197777418 -3.19690214415859
-4.03288523764311 -0.104236888075829
2.68200947767267 3.45913932611426
-1.83932821342737 -3.56383210268721
-1.03289958708862 3.93574046987774
2.53089331332694 2.23097489958604
-0.337342325623116 4.17209581886989
3.90108316649541 -1.05538054686426
3.33555035787572 1.39689222124859
-2.90597412427748 1.83437303150292
1.1887988480699 3.35908243901491
1.07820821474521 3.62267131477277
